org_id remap_id
52 0
63 1
73 2
96 3
995 4
6160 5
6177 6
9322 7
137 8
51 9
53 10
64 11
70 12
72 13
80 14
99 15
151 16
152 17
153 18
154 19
156 20
157 21
162 22
163 23
165 24
167 25
170 26
171 27
173 28
174 29
175 30
180 31
181 32
183 33
184 34
185 35
188 36
192 37
193 38
217 39
463 40
467 41
632 42
706 43
726 44
918 45
920 46
1009 47
1248 48
1295 49
1385 50
1713 51
1745 52
1810 53
1824 54
1870 55
1873 56
1917 57
2370 58
2961 59
3416 60
3863 61
3988 62
182 63
190 64
195 65
197 66
200 67
202 68
215 69
216 70
222 71
232 72
233 73
236 74
447 75
618 76
733 77
862 78
863 79
951 80
1123 81
1239 82
1383 83
2786 84
3203 85
3430 86
3691 87
3749 88
4079 89
4114 90
8722 91
10610 92
12726 93
291 94
348 95
8 96
209 97
221 98
229 99
258 100
370 101
371 102
374 103
375 104
376 105
377 106
379 107
390 108
396 109
397 110
403 111
405 112
481 113
486 114
488 115
490 116
493 117
504 118
517 119
518 120
701 121
955 122
966 123
1126 124
1131 125
1194 126
1375 127
1378 128
1475 129
1519 130
1602 131
1795 132
1814 133
1874 134
1901 135
1923 136
1933 137
2050 138
2051 139
2102 140
2369 141
2457 142
2544 143
2546 144
2941 145
3302 146
3351 147
3427 148
3429 149
3498 150
3563 151
3929 152
3946 153
4179 154
4332 155
4342 156
4980 157
5073 158
5731 159
6730 160
11049 161
196 162
199 163
208 164
211 165
416 166
418 167
428 168
430 169
431 170
440 171
1377 172
3258 173
89 174
230 175
234 176
257 177
326 178
455 179
456 180
458 181
468 182
469 183
471 184
482 185
540 186
1450 187
1580 188
2179 189
3576 190
10074 191
16 192
17 193
18 194
36 195
45 196
56 197
58 198
67 199
71 200
88 201
159 202
189 203
191 204
198 205
227 206
237 207
238 208
278 209
288 210
289 211
299 212
300 213
302 214
306 215
318 216
320 217
325 218
327 219
331 220
333 221
344 222
349 223
378 224
407 225
412 226
423 227
436 228
464 229
466 230
474 231
475 232
484 233
487 234
489 235
491 236
492 237
494 238
496 239
497 240
498 241
499 242
500 243
501 244
502 245
503 246
506 247
507 248
508 249
509 250
510 251
511 252
512 253
514 254
515 255
516 256
519 257
520 258
521 259
522 260
523 261
536 262
537 263
538 264
544 265
547 266
691 267
704 268
707 269
759 270
785 271
808 272
815 273
855 274
883 275
930 276
967 277
972 278
978 279
991 280
1034 281
1042 282
1044 283
1055 284
1098 285
1104 286
1118 287
1132 288
1145 289
1151 290
1179 291
1181 292
1182 293
1185 294
1197 295
1200 296
1270 297
1274 298
1406 299
1444 300
1455 301
1510 302
1609 303
1613 304
1670 305
1673 306
1714 307
1797 308
1852 309
1854 310
1859 311
1860 312
1863 313
1979 314
2014 315
2018 316
2075 317
2121 318
2150 319
2380 320
2436 321
2439 322
2449 323
2500 324
2643 325
2738 326
2745 327
2839 328
2850 329
2923 330
2940 331
2956 332
3124 333
3238 334
3240 335
3317 336
3404 337
3468 338
3616 339
3667 340
3859 341
3928 342
4036 343
4074 344
4135 345
4255 346
4262 347
4292 348
4297 349
4562 350
4567 351
4572 352
4923 353
5079 354
5217 355
5478 356
5746 357
6006 358
6191 359
6390 360
6461 361
6621 362
6762 363
6772 364
6853 365
7276 366
7639 367
7766 368
8047 369
8350 370
8356 371
9160 372
10737 373
10827 374
12288 375
12918 376
13147 377
14340 378
17895 379
55 380
293 381
298 382
3397 383
59 384
98 385
429 386
441 387
549 388
563 389
573 390
594 391
612 392
852 393
857 394
874 395
877 396
985 397
986 398
997 399
1000 400
1001 401
1013 402
1019 403
1027 404
1083 405
1206 406
1225 407
1227 408
1360 409
1878 410
1879 411
1883 412
1885 413
1889 414
1892 415
1895 416
1896 417
2029 418
2033 419
2490 420
2552 421
2629 422
2637 423
2936 424
2938 425
3008 426
3281 427
3443 428
3455 429
3458 430
3791 431
3896 432
4129 433
4494 434
4723 435
4724 436
5260 437
5434 438
6073 439
6784 440
7038 441
7224 442
7239 443
7329 444
7837 445
7927 446
8066 447
8153 448
8567 449
9865 450
9980 451
10402 452
10748 453
10762 454
14124 455
14378 456
17211 457
97 458
313 459
346 460
454 461
638 462
644 463
891 464
1045 465
1379 466
1458 467
2548 468
2607 469
2645 470
3367 471
3500 472
5151 473
5553 474
1990 475
3504 476
5067 477
462 478
465 479
646 480
786 481
787 482
788 483
789 484
792 485
794 486
798 487
800 488
5235 489
27 490
599 491
631 492
751 493
856 494
860 495
861 496
875 497
880 498
1062 499
1089 500
2542 501
3364 502
5603 503
6130 504
12515 505
155 506
292 507
294 508
295 509
329 510
350 511
352 512
354 513
476 514
531 515
906 516
911 517
5000 518
917 519
919 520
922 521
923 522
925 523
929 524
932 525
943 526
389 527
546 528
614 529
769 530
961 531
964 532
1246 533
2574 534
5485 535
7187 536
535 537
1002 538
1007 539
1024 540
2531 541
2624 542
2673 543
3413 544
7152 545
8790 546
15690 547
679 548
687 549
30 550
757 551
1028 552
1061 553
1064 554
1066 555
1067 556
1076 557
1079 558
1084 559
3441 560
1093 561
1094 562
1103 563
1109 564
1110 565
1112 566
1116 567
1117 568
1119 569
1121 570
1128 571
1130 572
1133 573
3481 574
4123 575
9346 576
212 577
610 578
613 579
625 580
689 581
1835 582
1954 583
2273 584
2292 585
2971 586
4285 587
4356 588
7123 589
7352 590
8837 591
10891 592
11477 593
12113 594
779 595
1180 596
1 597
7 598
65 599
267 600
271 601
276 602
617 603
619 604
622 605
1229 606
1390 607
1504 608
1621 609
1622 610
1636 611
1929 612
1963 613
2251 614
2491 615
2493 616
2698 617
2931 618
3227 619
3293 620
3531 621
3685 622
4585 623
4970 624
6387 625
8929 626
10676 627
10859 628
9 629
10 630
11 631
13 632
24 633
31 634
38 635
450 636
1265 637
1294 638
1300 639
1315 640
1704 641
2041 642
3184 643
3188 644
3190 645
4317 646
4318 647
5358 648
5522 649
5670 650
6237 651
6875 652
2 653
22 654
26 655
29 656
32 657
34 658
37 659
41 660
43 661
49 662
81 663
328 664
386 665
529 666
722 667
870 668
886 669
968 670
980 671
1016 672
1021 673
1023 674
1026 675
1029 676
1075 677
1155 678
1253 679
1256 680
1292 681
1293 682
1296 683
1297 684
1298 685
1299 686
1301 687
1303 688
1305 689
1306 690
1320 691
1328 692
1332 693
1335 694
1336 695
1396 696
1398 697
1399 698
1405 699
1408 700
1534 701
1591 702
1983 703
2432 704
3087 705
3186 706
3191 707
3193 708
3196 709
3197 710
3277 711
3288 712
3289 713
3300 714
3431 715
3432 716
3564 717
3769 718
4138 719
4308 720
4312 721
4382 722
4725 723
4728 724
4732 725
4733 726
4871 727
4872 728
4873 729
4874 730
4876 731
4877 732
5027 733
5072 734
5113 735
5149 736
5581 737
6086 738
6374 739
6547 740
6873 741
7293 742
7512 743
7522 744
8149 745
8369 746
8582 747
8584 748
8781 749
8789 750
9144 751
9234 752
9242 753
9860 754
9987 755
10248 756
10622 757
10685 758
11186 759
11193 760
13339 761
14286 762
821 763
954 764
959 765
1261 766
1341 767
1347 768
1524 769
1531 770
10585 771
14305 772
16661 773
84 774
86 775
172 776
176 777
187 778
203 779
207 780
210 781
225 782
241 783
250 784
251 785
262 786
279 787
287 788
316 789
324 790
340 791
419 792
420 793
424 794
425 795
437 796
446 797
451 798
472 799
525 800
526 801
530 802
533 803
541 804
542 805
548 806
554 807
585 808
592 809
604 810
615 811
616 812
629 813
630 814
680 815
690 816
703 817
716 818
717 819
718 820
724 821
744 822
747 823
756 824
772 825
777 826
778 827
790 828
823 829
841 830
854 831
859 832
868 833
898 834
901 835
903 836
936 837
962 838
963 839
977 840
982 841
993 842
1048 843
1051 844
1071 845
1090 846
1097 847
1106 848
1122 849
1160 850
1222 851
1226 852
1241 853
1242 854
1275 855
1369 856
1376 857
1395 858
1409 859
1410 860
1413 861
1414 862
1426 863
1464 864
1481 865
1491 866
1497 867
1505 868
1512 869
1521 870
1633 871
1639 872
1656 873
1700 874
1709 875
1731 876
1766 877
1787 878
1789 879
1858 880
1941 881
1943 882
1952 883
1965 884
1969 885
1970 886
1976 887
1986 888
2030 889
2067 890
2083 891
2130 892
2136 893
2139 894
2146 895
2154 896
2161 897
2247 898
2346 899
2362 900
2408 901
2478 902
2498 903
2509 904
2523 905
2533 906
2578 907
2580 908
2582 909
2595 910
2598 911
2608 912
2619 913
2638 914
2667 915
2668 916
2669 917
2670 918
2671 919
2672 920
2676 921
2677 922
2681 923
2688 924
2691 925
2716 926
2783 927
2810 928
2821 929
2831 930
2835 931
2969 932
3026 933
3080 934
3132 935
3158 936
3164 937
3169 938
3200 939
3201 940
3208 941
3259 942
3272 943
3400 944
3411 945
3421 946
3460 947
3462 948
3465 949
3470 950
3502 951
3520 952
3551 953
3558 954
3703 955
3706 956
3707 957
3719 958
3767 959
3795 960
3833 961
3902 962
3938 963
3948 964
4025 965
4027 966
4028 967
4031 968
4051 969
4069 970
4087 971
4116 972
4118 973
4124 974
4155 975
4177 976
4180 977
4199 978
4251 979
4316 980
4371 981
4389 982
4495 983
4616 984
4735 985
4853 986
4865 987
4880 988
4918 989
5035 990
5064 991
5123 992
5200 993
5257 994
5500 995
5549 996
5698 997
5718 998
5799 999
5925 1000
6043 1001
6048 1002
6151 1003
6189 1004
6226 1005
6249 1006
6252 1007
6293 1008
6296 1009
6298 1010
6308 1011
6409 1012
6417 1013
6429 1014
6463 1015
6581 1016
6582 1017
6618 1018
6726 1019
6743 1020
6823 1021
6903 1022
6910 1023
6915 1024
7056 1025
7079 1026
7140 1027
7156 1028
7298 1029
7324 1030
7327 1031
7331 1032
7433 1033
7456 1034
7473 1035
7481 1036
7493 1037
7643 1038
7660 1039
7686 1040
7874 1041
8054 1042
8111 1043
8132 1044
8141 1045
8178 1046
8586 1047
8678 1048
8758 1049
8830 1050
8853 1051
8919 1052
9433 1053
9457 1054
9498 1055
9595 1056
9862 1057
9888 1058
9974 1059
9990 1060
10519 1061
10524 1062
10615 1063
10616 1064
10887 1065
10961 1066
11023 1067
11128 1068
11146 1069
11638 1070
11650 1071
11655 1072
12013 1073
12026 1074
12733 1075
12839 1076
12893 1077
13009 1078
13446 1079
13672 1080
15171 1081
15564 1082
15584 1083
15880 1084
16164 1085
16373 1086
16390 1087
17286 1088
17294 1089
17296 1090
17730 1091
18040 1092
18144 1093
18391 1094
802 1095
1428 1096
1429 1097
1037 1098
161 1099
220 1100
253 1101
256 1102
290 1103
301 1104
305 1105
308 1106
310 1107
314 1108
317 1109
321 1110
330 1111
342 1112
355 1113
356 1114
364 1115
457 1116
459 1117
461 1118
534 1119
545 1120
681 1121
686 1122
715 1123
797 1124
889 1125
890 1126
892 1127
896 1128
907 1129
908 1130
1043 1131
1054 1132
1081 1133
1447 1134
1449 1135
1453 1136
1459 1137
1460 1138
1461 1139
1462 1140
1463 1141
1632 1142
1694 1143
1696 1144
1768 1145
1775 1146
1866 1147
1934 1148
2020 1149
2025 1150
2137 1151
2392 1152
2456 1153
2801 1154
2977 1155
2981 1156
3171 1157
3373 1158
3557 1159
3584 1160
3585 1161
3605 1162
3670 1163
3712 1164
3748 1165
3796 1166
4223 1167
4291 1168
4561 1169
4704 1170
4707 1171
4818 1172
4883 1173
4915 1174
5266 1175
5988 1176
6140 1177
6708 1178
7318 1179
7340 1180
7864 1181
8364 1182
10715 1183
11890 1184
12303 1185
16501 1186
265 1187
283 1188
40 1189
166 1190
206 1191
312 1192
322 1193
543 1194
913 1195
1127 1196
1163 1197
1243 1198
1400 1199
1427 1200
1432 1201
1440 1202
1457 1203
1486 1204
1489 1205
1589 1206
1925 1207
2023 1208
2220 1209
2394 1210
2565 1211
2571 1212
2609 1213
2797 1214
3303 1215
3316 1216
3426 1217
3461 1218
3464 1219
3781 1220
3882 1221
3892 1222
3947 1223
3966 1224
3985 1225
4369 1226
4387 1227
4493 1228
5238 1229
5239 1230
6376 1231
6459 1232
6505 1233
6631 1234
7193 1235
7826 1236
7945 1237
8072 1238
8184 1239
8649 1240
11139 1241
16323 1242
18439 1243
18606 1244
1394 1245
1412 1246
567 1247
1631 1248
4359 1249
470 1250
297 1251
304 1252
360 1253
562 1254
735 1255
768 1256
793 1257
835 1258
1220 1259
1244 1260
1684 1261
1685 1262
1686 1263
1687 1264
2458 1265
2778 1266
3019 1267
3078 1268
3716 1269
3877 1270
6722 1271
7427 1272
9302 1273
10627 1274
14147 1275
15027 1276
15361 1277
17644 1278
1072 1279
1358 1280
1372 1281
1418 1282
1701 1283
1703 1284
1710 1285
1711 1286
1729 1287
2742 1288
4126 1289
4143 1290
5074 1291
5215 1292
5806 1293
1423 1294
1732 1295
2605 1296
9336 1297
11712 1298
12703 1299
421 1300
727 1301
952 1302
1114 1303
1146 1304
1263 1305
1343 1306
1415 1307
1416 1308
1755 1309
1763 1310
1771 1311
1778 1312
1783 1313
2055 1314
2277 1315
2419 1316
3205 1317
3741 1318
3747 1319
6756 1320
7248 1321
8264 1322
8504 1323
9822 1324
11416 1325
12141 1326
268 1327
728 1328
1139 1329
1384 1330
1786 1331
1790 1332
1799 1333
1801 1334
1802 1335
2265 1336
2469 1337
5787 1338
6161 1339
6245 1340
6714 1341
7111 1342
7821 1343
10213 1344
11480 1345
18408 1346
77 1347
85 1348
91 1349
100 1350
204 1351
226 1352
245 1353
432 1354
565 1355
572 1356
580 1357
601 1358
605 1359
709 1360
712 1361
713 1362
730 1363
732 1364
812 1365
820 1366
830 1367
843 1368
846 1369
881 1370
910 1371
928 1372
937 1373
945 1374
947 1375
949 1376
956 1377
957 1378
969 1379
989 1380
990 1381
998 1382
1073 1383
1202 1384
1249 1385
1254 1386
1264 1387
1342 1388
1344 1389
1351 1390
1366 1391
1468 1392
1469 1393
1513 1394
1527 1395
1648 1396
1660 1397
1672 1398
1705 1399
1803 1400
1804 1401
1806 1402
1807 1403
1808 1404
1809 1405
1811 1406
1812 1407
1813 1408
1817 1409
1886 1410
1891 1411
1974 1412
2013 1413
2027 1414
2183 1415
2341 1416
2342 1417
2343 1418
2347 1419
2351 1420
2360 1421
2361 1422
2446 1423
2463 1424
2473 1425
2559 1426
2780 1427
2782 1428
2784 1429
2787 1430
2788 1431
2789 1432
2790 1433
2792 1434
2796 1435
2834 1436
2838 1437
2853 1438
2855 1439
2859 1440
2864 1441
2894 1442
2899 1443
2901 1444
2902 1445
2973 1446
3011 1447
3264 1448
3299 1449
3354 1450
3444 1451
3456 1452
3469 1453
3471 1454
3473 1455
3476 1456
3477 1457
3480 1458
3739 1459
3744 1460
3763 1461
3774 1462
3921 1463
4092 1464
4115 1465
4125 1466
4130 1467
4165 1468
4271 1469
4272 1470
4278 1471
4286 1472
4460 1473
4541 1474
4559 1475
4807 1476
4971 1477
4975 1478
5010 1479
5157 1480
5165 1481
5306 1482
5365 1483
5660 1484
5754 1485
5841 1486
5844 1487
6064 1488
6065 1489
6070 1490
6257 1491
6541 1492
6732 1493
6883 1494
6959 1495
7054 1496
7081 1497
7116 1498
7117 1499
7157 1500
7342 1501
7880 1502
7938 1503
8126 1504
8340 1505
9274 1506
9296 1507
9334 1508
9344 1509
9347 1510
9468 1511
9699 1512
9818 1513
9919 1514
9926 1515
10672 1516
11736 1517
11933 1518
12710 1519
15481 1520
17008 1521
17166 1522
1156 1523
1821 1524
1829 1525
1844 1526
2560 1527
4609 1528
12137 1529
15391 1530
816 1531
1855 1532
1867 1533
3247 1534
4747 1535
61 1536
62 1537
68 1538
79 1539
93 1540
994 1541
999 1542
1006 1543
1008 1544
1014 1545
1015 1546
1017 1547
1230 1548
1836 1549
1881 1550
1882 1551
1884 1552
1888 1553
1890 1554
1893 1555
1897 1556
1899 1557
1900 1558
2043 1559
2535 1560
2554 1561
2562 1562
3436 1563
3768 1564
3941 1565
6742 1566
6884 1567
7076 1568
7343 1569
7344 1570
7347 1571
9253 1572
9255 1573
9321 1574
12817 1575
13126 1576
13168 1577
14846 1578
1975 1579
1981 1580
1984 1581
944 1582
1348 1583
2972 1584
19 1585
76 1586
82 1587
620 1588
851 1589
878 1590
1107 1591
1502 1592
2026 1593
2031 1594
2037 1595
2038 1596
2039 1597
2470 1598
2475 1599
2477 1600
2556 1601
2572 1602
2606 1603
3886 1604
4341 1605
4810 1606
7642 1607
8215 1608
8229 1609
8230 1610
8910 1611
11234 1612
14712 1613
17516 1614
2044 1615
2086 1616
444 1617
603 1618
748 1619
1752 1620
1945 1621
2145 1622
2149 1623
2174 1624
2675 1625
2695 1626
5069 1627
5503 1628
5871 1629
7693 1630
7695 1631
10517 1632
11101 1633
14750 1634
14760 1635
14774 1636
16744 1637
228 1638
1556 1639
2316 1640
2337 1641
25 1642
570 1643
1338 1644
2344 1645
2352 1646
2364 1647
2372 1648
332 1649
1402 1650
1936 1651
1937 1652
3318 1653
46 1654
69 1655
103 1656
366 1657
607 1658
621 1659
683 1660
734 1661
737 1662
750 1663
834 1664
975 1665
979 1666
996 1667
1004 1668
1046 1669
1175 1670
1189 1671
1381 1672
1478 1673
1620 1674
1743 1675
1772 1676
1800 1677
1834 1678
1985 1679
2040 1680
2047 1681
2059 1682
2128 1683
2404 1684
2422 1685
2437 1686
2440 1687
2442 1688
2443 1689
2453 1690
2454 1691
2459 1692
2462 1693
2467 1694
2468 1695
2567 1696
2570 1697
2893 1698
2922 1699
2937 1700
3065 1701
3070 1702
3071 1703
3097 1704
3230 1705
3308 1706
3313 1707
3466 1708
3482 1709
3497 1710
3503 1711
3581 1712
3602 1713
3603 1714
3606 1715
3621 1716
3778 1717
3889 1718
3982 1719
3987 1720
4136 1721
4351 1722
4361 1723
4434 1724
4520 1725
4543 1726
4545 1727
4705 1728
4780 1729
4785 1730
5124 1731
5172 1732
5249 1733
5255 1734
5258 1735
5261 1736
5264 1737
5267 1738
5446 1739
5452 1740
5767 1741
6458 1742
6504 1743
6602 1744
6755 1745
7142 1746
7625 1747
7929 1748
7935 1749
8027 1750
8313 1751
8314 1752
8372 1753
8546 1754
8558 1755
8559 1756
8594 1757
8743 1758
8763 1759
8802 1760
8803 1761
8806 1762
8991 1763
8998 1764
9348 1765
9417 1766
9427 1767
9478 1768
9689 1769
10142 1770
10630 1771
10638 1772
11085 1773
11336 1774
11455 1775
11602 1776
12129 1777
12599 1778
12623 1779
12752 1780
13013 1781
14509 1782
14685 1783
15249 1784
15315 1785
15482 1786
15527 1787
16340 1788
17157 1789
17437 1790
17490 1791
18117 1792
18363 1793
882 1794
2481 1795
3279 1796
3447 1797
7375 1798
3758 1799
5894 1800
6950 1801
755 1802
2587 1803
2600 1804
5429 1805
2601 1806
754 1807
1041 1808
1047 1809
1188 1810
1541 1811
1853 1812
1857 1813
1868 1814
1872 1815
1910 1816
1919 1817
2192 1818
2210 1819
2214 1820
2430 1821
2617 1822
2618 1823
2621 1824
2959 1825
4168 1826
5076 1827
5082 1828
5969 1829
10583 1830
205 1831
434 1832
602 1833
1643 1834
2424 1835
2444 1836
2625 1837
2627 1838
2630 1839
2632 1840
2639 1841
2640 1842
2641 1843
2840 1844
3057 1845
4216 1846
5216 1847
14019 1848
362 1849
383 1850
422 1851
453 1852
532 1853
693 1854
705 1855
708 1856
714 1857
770 1858
813 1859
840 1860
1035 1861
1038 1862
1040 1863
1186 1864
1193 1865
1198 1866
1201 1867
1339 1868
1515 1869
1545 1870
1669 1871
1681 1872
1764 1873
1905 1874
1977 1875
2070 1876
2127 1877
2379 1878
2525 1879
2652 1880
2653 1881
2661 1882
2664 1883
2665 1884
2666 1885
2791 1886
2841 1887
2967 1888
3307 1889
3871 1890
4346 1891
4375 1892
4618 1893
4708 1894
4793 1895
4801 1896
4828 1897
5310 1898
5586 1899
5772 1900
5780 1901
5934 1902
5950 1903
6120 1904
6132 1905
6453 1906
6600 1907
6601 1908
8347 1909
8398 1910
8713 1911
9713 1912
10318 1913
11763 1914
11803 1915
13939 1916
14629 1917
1260 1918
1091 1919
2350 1920
2363 1921
2785 1922
9013 1923
107 1924
763 1925
780 1926
818 1927
850 1928
1191 1929
1203 1930
1516 1931
2674 1932
2747 1933
2811 1934
2815 1935
2817 1936
2820 1937
2829 1938
3805 1939
3817 1940
3827 1941
4173 1942
4228 1943
4999 1944
5030 1945
5048 1946
6133 1947
6830 1948
6843 1949
7018 1950
11475 1951
11625 1952
13010 1953
75 1954
83 1955
95 1956
285 1957
627 1958
900 1959
905 1960
971 1961
992 1962
1025 1963
1794 1964
1820 1965
1825 1966
1828 1967
1832 1968
1850 1969
2487 1970
2558 1971
2934 1972
2935 1973
2939 1974
3067 1975
3104 1976
3876 1977
3978 1978
3980 1979
4043 1980
4993 1981
5045 1982
5188 1983
5436 1984
5550 1985
6069 1986
6728 1987
6736 1988
6737 1989
6852 1990
7068 1991
7069 1992
7075 1993
7138 1994
7934 1995
8069 1996
8140 1997
8367 1998
8497 1999
8555 2000
8573 2001
8820 2002
8994 2003
9647 2004
9826 2005
9861 2006
9892 2007
9907 2008
9969 2009
10041 2010
10625 2011
10626 2012
11956 2013
12351 2014
12352 2015
12681 2016
13151 2017
13879 2018
14534 2019
17512 2020
17515 2021
17528 2022
17648 2023
18288 2024
18647 2025
824 2026
924 2027
2963 2028
2966 2029
527 2030
1380 2031
1099 2032
3030 2033
3033 2034
178 2035
408 2036
460 2037
1052 2038
1604 2039
1788 2040
2383 2041
2526 2042
3027 2043
3050 2044
3053 2045
4024 2046
4949 2047
5784 2048
6193 2049
6626 2050
7008 2051
7947 2052
8671 2053
10433 2054
10491 2055
11170 2056
16498 2057
1470 2058
965 2059
2062 2060
3088 2061
528 2062
2984 2063
3501 2064
5184 2065
7514 2066
54 2067
485 2068
2022 2069
3173 2070
3856 2071
246 2072
1135 2073
1718 2074
2024 2075
126 2076
1988 2077
2524 2078
3252 2079
5475 2080
10738 2081
12002 2082
576 2083
584 2084
987 2085
2391 2086
5982 2087
6522 2088
7119 2089
8844 2090
10394 2091
13910 2092
16333 2093
17766 2094
2427 2095
3328 2096
3332 2097
3333 2098
261 2099
266 2100
270 2101
307 2102
439 2103
524 2104
697 2105
758 2106
981 2107
1247 2108
1397 2109
1507 2110
1511 2111
1520 2112
1590 2113
1601 2114
1674 2115
1793 2116
2080 2117
2393 2118
2407 2119
2616 2120
2983 2121
3110 2122
3488 2123
3920 2124
4260 2125
4688 2126
4716 2127
5119 2128
5191 2129
5226 2130
5416 2131
5441 2132
5939 2133
6137 2134
6544 2135
6558 2136
6769 2137
7077 2138
7288 2139
7449 2140
7724 2141
8188 2142
8707 2143
9230 2144
11579 2145
12890 2146
13395 2147
14692 2148
15236 2149
16324 2150
16746 2151
2861 2152
4710 2153
16105 2154
223 2155
1424 2156
1678 2157
2435 2158
2538 2159
3398 2160
6693 2161
15327 2162
47 2163
2003 2164
2006 2165
2151 2166
2828 2167
2964 2168
3405 2169
3417 2170
3509 2171
3720 2172
3810 2173
3940 2174
4605 2175
4691 2176
5173 2177
5348 2178
6570 2179
6576 2180
7644 2181
8420 2182
15 2183
953 2184
866 2185
3438 2186
3440 2187
5672 2188
6256 2189
7357 2190
6165 2191
66 2192
90 2193
296 2194
641 2195
674 2196
867 2197
888 2198
909 2199
1053 2200
1456 2201
1935 2202
2390 2203
2506 2204
2521 2205
3129 2206
3320 2207
3459 2208
3992 2209
4113 2210
4487 2211
4566 2212
4619 2213
4706 2214
5487 2215
7290 2216
7321 2217
8042 2218
8068 2219
8595 2220
8605 2221
8957 2222
10172 2223
11080 2224
12357 2225
13351 2226
14222 2227
14529 2228
14638 2229
15038 2230
15533 2231
17612 2232
810 2233
3236 2234
3545 2235
3549 2236
5459 2237
5667 2238
10069 2239
2021 2240
2465 2241
3765 2242
1875 2243
1452 2244
12164 2245
12 2246
825 2247
839 2248
842 2249
1196 2250
1214 2251
1281 2252
1547 2253
1555 2254
1557 2255
1561 2256
1563 2257
1876 2258
2143 2259
2594 2260
2744 2261
2763 2262
2771 2263
3239 2264
3242 2265
3246 2266
3717 2267
3718 2268
3722 2269
3729 2270
4021 2271
4226 2272
4265 2273
4275 2274
4805 2275
5100 2276
5105 2277
5108 2278
5360 2279
6240 2280
6289 2281
6819 2282
7775 2283
7941 2284
8251 2285
8259 2286
8298 2287
8510 2288
9997 2289
10095 2290
14200 2291
14840 2292
16595 2293
17953 2294
18137 2295
445 2296
1101 2297
1195 2298
1518 2299
1972 2300
2226 2301
2271 2302
2602 2303
3475 2304
3730 2305
3732 2306
5547 2307
6303 2308
6389 2309
8701 2310
14666 2311
539 2312
2614 2313
13425 2314
1389 2315
1958 2316
11549 2317
11963 2318
3105 2319
3753 2320
23 2321
710 2322
806 2323
942 2324
1113 2325
1134 2326
1350 2327
1353 2328
1374 2329
1411 2330
2009 2331
2381 2332
2569 2333
2746 2334
2975 2335
3660 2336
3776 2337
3789 2338
3792 2339
3901 2340
4326 2341
8386 2342
8993 2343
9423 2344
13087 2345
15989 2346
1992 2347
1994 2348
2654 2349
3788 2350
10571 2351
1553 2352
3875 2353
10848 2354
1167 2355
1781 2356
3280 2357
3425 2358
3663 2359
4363 2360
9829 2361
1689 2362
2206 2363
12482 2364
252 2365
479 2366
803 2367
1441 2368
3176 2369
3960 2370
6721 2371
7688 2372
14516 2373
15532 2374
2579 2375
2586 2376
3727 2377
3997 2378
3999 2379
4002 2380
4003 2381
9666 2382
13900 2383
6790 2384
9959 2385
1691 2386
1861 2387
2211 2388
5968 2389
837 2390
4156 2391
4191 2392
814 2393
2203 2394
2429 2395
2794 2396
3927 2397
4102 2398
4166 2399
4170 2400
4171 2401
4174 2402
4178 2403
4948 2404
6012 2405
7776 2406
12780 2407
18530 2408
3737 2409
2204 2410
2693 2411
3721 2412
3995 2413
4108 2414
4225 2415
4230 2416
4232 2417
5117 2418
6414 2419
8274 2420
359 2421
28 2422
1276 2423
1522 2424
4268 2425
4270 2426
3046 2427
7268 2428
2522 2429
235 2430
608 2431
682 2432
743 2433
858 2434
1150 2435
1159 2436
1176 2437
1535 2438
1650 2439
1826 2440
1914 2441
2281 2442
2375 2443
2402 2444
2415 2445
2416 2446
2484 2447
2488 2448
2823 2449
3216 2450
3298 2451
3445 2452
3505 2453
3508 2454
3556 2455
3686 2456
3694 2457
4077 2458
4081 2459
4083 2460
4273 2461
4610 2462
4863 2463
4875 2464
5153 2465
5169 2466
5180 2467
5186 2468
5412 2469
5414 2470
5417 2471
5818 2472
5876 2473
6159 2474
6295 2475
6542 2476
6677 2477
6724 2478
6764 2479
7407 2480
7699 2481
7700 2482
7814 2483
7904 2484
8871 2485
8945 2486
9458 2487
9467 2488
9487 2489
9716 2490
10026 2491
10522 2492
10620 2493
10977 2494
11087 2495
11464 2496
11737 2497
12165 2498
12359 2499
12548 2500
13317 2501
13563 2502
13621 2503
14052 2504
14669 2505
15688 2506
16862 2507
17306 2508
864 2509
871 2510
1003 2511
1005 2512
1213 2513
1707 2514
1957 2515
2480 2516
2633 2517
2648 2518
2708 2519
3119 2520
3282 2521
3306 2522
3442 2523
3613 2524
3784 2525
3884 2526
3890 2527
4073 2528
4109 2529
4250 2530
4538 2531
4622 2532
4795 2533
4978 2534
5254 2535
5303 2536
5658 2537
5770 2538
5785 2539
5790 2540
5917 2541
5918 2542
5926 2543
6146 2544
6556 2545
6698 2546
6776 2547
6782 2548
7345 2549
7346 2550
7411 2551
8549 2552
8668 2553
8672 2554
8831 2555
9032 2556
9338 2557
9419 2558
9469 2559
9823 2560
9825 2561
10753 2562
10756 2563
10794 2564
10847 2565
11215 2566
11243 2567
11244 2568
11898 2569
11900 2570
11913 2571
12130 2572
12220 2573
12298 2574
12725 2575
13156 2576
13416 2577
13427 2578
13558 2579
14299 2580
15586 2581
15637 2582
15641 2583
15771 2584
17702 2585
44 2586
661 2587
720 2588
746 2589
809 2590
811 2591
831 2592
845 2593
1204 2594
1216 2595
1221 2596
1349 2597
1364 2598
1368 2599
1523 2600
1526 2601
1528 2602
1533 2603
1540 2604
1550 2605
1568 2606
1712 2607
2166 2608
2185 2609
2186 2610
2200 2611
2209 2612
2541 2613
2576 2614
2765 2615
2873 2616
2944 2617
2970 2618
3028 2619
3029 2620
3032 2621
3043 2622
3548 2623
3637 2624
3797 2625
3799 2626
4004 2627
4163 2628
4211 2629
4277 2630
4497 2631
4550 2632
4669 2633
4774 2634
4935 2635
4936 2636
4940 2637
4944 2638
4985 2639
5101 2640
5366 2641
5600 2642
5609 2643
5963 2644
5970 2645
6014 2646
6016 2647
6264 2648
6548 2649
6760 2650
7007 2651
7419 2652
8108 2653
8277 2654
8464 2655
8821 2656
9260 2657
9452 2658
9761 2659
9765 2660
9963 2661
10525 2662
10650 2663
10768 2664
10954 2665
11032 2666
11042 2667
11604 2668
11817 2669
11826 2670
11865 2671
13431 2672
13645 2673
13846 2674
13847 2675
14304 2676
15053 2677
16495 2678
2092 2679
2094 2680
219 2681
231 2682
609 2683
885 2684
984 2685
1164 2686
1721 2687
1947 2688
2279 2689
3131 2690
3147 2691
3450 2692
4064 2693
4535 2694
5296 2695
5659 2696
6182 2697
6824 2698
8866 2699
10691 2700
13368 2701
13539 2702
14301 2703
15749 2704
39 2705
805 2706
946 2707
1183 2708
1777 2709
1833 2710
2019 2711
2054 2712
2091 2713
2227 2714
2252 2715
2395 2716
2906 2717
2919 2718
3081 2719
3128 2720
3673 2721
3735 2722
3866 2723
3878 2724
3893 2725
4089 2726
4773 2727
5709 2728
5929 2729
6181 2730
6543 2731
6997 2732
9141 2733
9187 2734
10127 2735
10180 2736
10385 2737
10526 2738
10677 2739
10973 2740
11155 2741
11517 2742
11739 2743
14240 2744
309 2745
4565 2746
10987 2747
1640 2748
2921 2749
311 2750
575 2751
578 2752
915 2753
1392 2754
1576 2755
1595 2756
1767 2757
1847 2758
1980 2759
2175 2760
2176 2761
3237 2762
3310 2763
3371 2764
3681 2765
3713 2766
4252 2767
4263 2768
4385 2769
4570 2770
4574 2771
4617 2772
4811 2773
4814 2774
4920 2775
5268 2776
5474 2777
5534 2778
5683 2779
5789 2780
6196 2781
6346 2782
6564 2783
6902 2784
7137 2785
7260 2786
7448 2787
7533 2788
7781 2789
7868 2790
8161 2791
8283 2792
8311 2793
8592 2794
8718 2795
9821 2796
10130 2797
10133 2798
11395 2799
11765 2800
12567 2801
14300 2802
14749 2803
15744 2804
15920 2805
2134 2806
1931 2807
5526 2808
1184 2809
1401 2810
5065 2811
6247 2812
11581 2813
4784 2814
323 2815
1032 2816
4575 2817
4852 2818
11635 2819
4934 2820
2405 2821
186 2822
1018 2823
1031 2824
1255 2825
3156 2826
3255 2827
3266 2828
3674 2829
3675 2830
3918 2831
4600 2832
4988 2833
4990 2834
4991 2835
5181 2836
5432 2837
5480 2838
5507 2839
6222 2840
6585 2841
6778 2842
6930 2843
7194 2844
9869 2845
9992 2846
10918 2847
12787 2848
13393 2849
15544 2850
15795 2851
17281 2852
17340 2853
17646 2854
17825 2855
18297 2856
18330 2857
4994 2858
8232 2859
2711 2860
761 2861
5071 2862
3324 2863
5089 2864
16230 2865
17713 2866
12976 2867
380 2868
2842 2869
4782 2870
5175 2871
5297 2872
5301 2873
5901 2874
6362 2875
7800 2876
7802 2877
8808 2878
9543 2879
57 2880
633 2881
1950 2882
3109 2883
3121 2884
3198 2885
3693 2886
5182 2887
5185 2888
5197 2889
7017 2890
7021 2891
7058 2892
9362 2893
10129 2894
16523 2895
17048 2896
18039 2897
18587 2898
214 2899
438 2900
442 2901
887 2902
1231 2903
1663 2904
1971 2905
2532 2906
2623 2907
2871 2908
3003 2909
3068 2910
3677 2911
4384 2912
4796 2913
5150 2914
5418 2915
5420 2916
5421 2917
5440 2918
6680 2919
6785 2920
7126 2921
8676 2922
10604 2923
11899 2924
13372 2925
13406 2926
15994 2927
427 2928
2591 2929
6225 2930
6227 2931
7190 2932
7663 2933
8710 2934
8884 2935
6539 2936
4137 2937
7029 2938
15037 2939
6287 2940
8794 2941
3393 2942
3756 2943
4457 2944
1837 2945
5617 2946
1277 2947
1382 2948
1645 2949
1652 2950
1746 2951
3244 2952
3285 2953
3614 2954
3620 2955
6004 2956
6454 2957
7211 2958
8223 2959
8309 2960
9521 2961
9598 2962
11253 2963
11917 2964
13754 2965
15034 2966
2851 2967
4458 2968
15457 2969
5688 2970
5713 2971
3376 2972
2836 2973
3815 2974
4090 2975
5803 2976
6949 2977
7895 2978
8026 2979
11905 2980
286 2981
5848 2982
9840 2983
4100 2984
5932 2985
5966 2986
12993 2987
6231 2988
606 2989
1517 2990
1946 2991
2824 2992
4153 2993
4734 2994
5192 2995
5912 2996
5913 2997
6032 2998
7694 2999
7885 3000
8832 3001
9766 3002
10518 3003
14744 3004
14752 3005
14766 3006
14768 3007
16053 3008
17873 3009
1770 3010
4379 3011
6046 3012
13397 3013
14860 3014
2856 3015
1451 3016
10804 3017
433 3018
624 3019
1422 3020
1728 3021
1737 3022
1779 3023
1944 3024
1949 3025
2313 3026
2441 3027
2460 3028
3617 3029
4058 3030
4742 3031
5745 3032
5927 3033
6217 3034
6758 3035
6906 3036
7147 3037
7382 3038
7383 3039
7414 3040
8680 3041
9700 3042
10005 3043
10110 3044
10613 3045
11053 3046
11631 3047
11652 3048
11812 3049
12201 3050
12495 3051
12723 3052
13000 3053
13331 3054
13474 3055
14065 3056
14096 3057
426 3058
2775 3059
2843 3060
3589 3061
3676 3062
4103 3063
4257 3064
4620 3065
5099 3066
6291 3067
10327 3068
10864 3069
11070 3070
11236 3071
7725 3072
12006 3073
4319 3074
4670 3075
249 3076
569 3077
1641 3078
2132 3079
3490 3080
3534 3081
3754 3082
5536 3083
6382 3084
6384 3085
6423 3086
7743 3087
10608 3088
11065 3089
14363 3090
583 3091
899 3092
1596 3093
1715 3094
3117 3095
3355 3096
4189 3097
4218 3098
4531 3099
5313 3100
5605 3101
6190 3102
6363 3103
6391 3104
6460 3105
7650 3106
8422 3107
11063 3108
11185 3109
11974 3110
18655 3111
3079 3112
5001 3113
7777 3114
10478 3115
3206 3116
1100 3117
4201 3118
13450 3119
1257 3120
7423 3121
3865 3122
4037 3123
6506 3124
11084 3125
16860 3126
2537 3127
239 3128
5178 3129
6633 3130
1172 3131
1425 3132
1998 3133
2001 3134
2002 3135
2071 3136
2288 3137
2857 3138
3779 3139
4615 3140
4675 3141
4787 3142
4790 3143
5833 3144
5839 3145
6397 3146
7791 3147
8696 3148
9366 3149
10370 3150
10675 3151
11439 3152
14878 3153
14880 3154
443 3155
2131 3156
2133 3157
4435 3158
4756 3159
6223 3160
9977 3161
1680 3162
6594 3163
6619 3164
6204 3165
1479 3166
8807 3167
1105 3168
3341 3169
6678 3170
711 3171
6777 3172
9629 3173
12724 3174
6781 3175
6789 3176
8995 3177
1337 3178
4444 3179
5439 3180
4917 3181
5653 3182
6808 3183
2100 3184
4311 3185
5375 3186
1388 3187
1610 3188
2222 3189
2236 3190
3357 3191
4598 3192
8120 3193
10955 3194
11062 3195
17424 3196
4833 3197
6294 3198
11423 3199
8689 3200
1219 3201
1708 3202
1739 3203
2471 3204
2486 3205
3536 3206
3541 3207
4423 3208
5325 3209
6150 3210
6659 3211
8445 3212
9146 3213
10164 3214
11784 3215
14672 3216
15671 3217
15675 3218
16745 3219
7071 3220
782 3221
2330 3222
3213 3223
4927 3224
4928 3225
5256 3226
5299 3227
7148 3228
9404 3229
13972 3230
876 3231
2168 3232
3562 3233
7078 3234
9999 3235
10082 3236
10310 3237
11518 3238
6 3239
2172 3240
1736 3241
8716 3242
16124 3243
10515 3244
912 3245
14779 3246
16735 3247
8479 3248
3292 3249
6780 3250
1240 3251
1747 3252
3106 3253
3195 3254
3635 3255
3777 3256
4049 3257
5629 3258
6759 3259
7039 3260
7177 3261
7404 3262
8936 3263
9418 3264
9470 3265
10016 3266
10412 3267
11272 3268
12718 3269
14435 3270
1659 3271
5544 3272
6657 3273
983 3274
3612 3275
3689 3276
4530 3277
5415 3278
6187 3279
6763 3280
7323 3281
7436 3282
3489 3283
6282 3284
597 3285
3382 3286
3399 3287
3745 3288
4060 3289
4082 3290
4779 3291
5237 3292
6920 3293
7180 3294
7259 3295
7325 3296
7525 3297
8067 3298
8121 3299
8656 3300
9484 3301
9632 3302
9836 3303
10027 3304
10080 3305
11179 3306
11230 3307
11918 3308
12077 3309
12535 3310
12720 3311
13171 3312
13888 3313
15639 3314
18087 3315
4062 3316
4119 3317
10618 3318
1085 3319
448 3320
3451 3321
6155 3322
6410 3323
15783 3324
17956 3325
7047 3326
7057 3327
7792 3328
13123 3329
16949 3330
1485 3331
1614 3332
1845 3333
1848 3334
1964 3335
2167 3336
2610 3337
2988 3338
3386 3339
3391 3340
4709 3341
6047 3342
6472 3343
7810 3344
7890 3345
8262 3346
8674 3347
9416 3348
11484 3349
9858 3350
2869 3351
4680 3352
5302 3353
8122 3354
14459 3355
826 3356
1514 3357
1966 3358
2398 3359
2530 3360
2723 3361
2818 3362
3273 3363
3420 3364
3700 3365
3705 3366
3738 3367
3806 3368
4022 3369
4117 3370
4821 3371
5233 3372
5423 3373
5428 3374
5911 3375
5972 3376
6169 3377
6615 3378
6687 3379
6913 3380
7515 3381
7887 3382
8210 3383
8462 3384
8589 3385
8705 3386
9485 3387
9672 3388
10214 3389
10720 3390
11285 3391
11421 3392
11589 3393
12753 3394
13375 3395
13664 3396
14184 3397
14560 3398
14930 3399
15172 3400
16055 3401
18555 3402
3084 3403
3375 3404
6127 3405
7183 3406
9193 3407
11796 3408
14359 3409
844 3410
1171 3411
1259 3412
2387 3413
2845 3414
3861 3415
4029 3416
4613 3417
4681 3418
6957 3419
7530 3420
7713 3421
7902 3422
8371 3423
9523 3424
10621 3425
14950 3426
3798 3427
6493 3428
7937 3429
3771 3430
11520 3431
3888 3432
581 3433
582 3434
8114 3435
8123 3436
13269 3437
13273 3438
3714 3439
6836 3440
9882 3441
4817 3442
4819 3443
1551 3444
2955 3445
3004 3446
4826 3447
5426 3448
5437 3449
5444 3450
6770 3451
10784 3452
16002 3453
1192 3454
8930 3455
2847 3456
10681 3457
5447 3458
8133 3459
18692 3460
9426 3461
14324 3462
4313 3463
13624 3464
15160 3465
8438 3466
2854 3467
3160 3468
5156 3469
5168 3470
5382 3471
8312 3472
8545 3473
8795 3474
8812 3475
8818 3476
9287 3477
9299 3478
9352 3479
9424 3480
9435 3481
10754 3482
11769 3483
11849 3484
13599 3485
14480 3486
15301 3487
18656 3488
4432 3489
4439 3490
13688 3491
15975 3492
16634 3493
9332 3494
7074 3495
5630 3496
14549 3497
15055 3498
7214 3499
6847 3500
7197 3501
7206 3502
7227 3503
8988 3504
11764 3505
11927 3506
12071 3507
699 3508
12477 3509
2289 3510
3287 3511
3290 3512
5673 3513
6008 3514
1143 3515
1846 3516
8992 3517
3231 3518
895 3519
1738 3520
3672 3521
4039 3522
4720 3523
8136 3524
3570 3525
7391 3526
4488 3527
7274 3528
9084 3529
13709 3530
1142 3531
1982 3532
7186 3533
4 3534
9369 3535
2952 3536
5914 3537
8699 3538
14005 3539
17055 3540
1851 3541
3012 3542
3015 3543
3993 3544
4348 3545
9289 3546
10351 3547
10628 3548
15751 3549
9324 3550
4447 3551
5346 3552
6075 3553
7470 3554
9353 3555
9361 3556
10516 3557
12928 3558
15793 3559
18094 3560
18229 3561
5036 3562
7256 3563
879 3564
4366 3565
5812 3566
7406 3567
8291 3568
8564 3569
10217 3570
11487 3571
11955 3572
12112 3573
12314 3574
14061 3575
3575 3576
5978 3577
1162 3578
7759 3579
9499 3580
807 3581
1352 3582
1154 3583
7128 3584
7871 3585
17326 3586
8756 3587
1717 3588
2060 3589
3063 3590
5890 3591
6452 3592
8392 3593
12668 3594
15903 3595
1190 3596
2575 3597
3491 3598
4837 3599
6228 3600
6773 3601
8873 3602
10309 3603
10535 3604
14208 3605
2584 3606
1735 3607
12079 3608
15961 3609
9960 3610
9976 3611
2101 3612
10226 3613
5143 3614
9183 3615
3250 3616
10395 3617
4184 3618
5768 3619
132 3620
141 3621
1727 3622
2593 3623
6761 3624
7060 3625
9783 3626
11200 3627
14761 3628
4194 3629
3740 3630
5636 3631
6658 3632
17189 3633
4149 3634
1978 3635
4850 3636
2082 3637
4802 3638
7320 3639
11352 3640
3780 3641
4209 3642
5665 3643
13062 3644
6045 3645
17819 3646
18237 3647
753 3648
1314 3649
7520 3650
12868 3651
14680 3652
15798 3653
11205 3654
1585 3655
417 3656
2339 3657
4468 3658
11181 3659
4059 3660
4365 3661
1124 3662
9043 3663
17132 3664
17981 3665
17331 3666
10969 3667
10656 3668
14318 3669
2425 3670
1827 3671
3945 3672
15100 3673
590 3674
8333 3675
4132 3676
16952 3677
6422 3678
16449 3679
7744 3680
7286 3681
9437 3682
11725 3683
721 3684
12994 3685
5891 3686
4491 3687
5032 3688
12821 3689
9271 3690
7096 3691
8706 3692
4922 3693
4304 3694
11510 3695
17887 3696
18008 3697
6586 3698
13575 3699
17075 3700
7266 3701
1120 3702
4188 3703
11819 3704
8239 3705
14645 3706
8418 3707
