org_id remap_id
2 0
3 1
4 2
5 3
8 4
9 5
10 6
11 7
12 8
13 9
14 10
16 11
20 12
21 13
23 14
25 15
26 16
27 17
28 18
29 19
31 20
32 21
33 22
35 23
36 24
37 25
39 26
40 27
41 28
43 29
45 30
46 31
47 32
48 33
49 34
50 35
51 36
55 37
57 38
58 39
59 40
60 41
61 42
62 43
63 44
64 45
65 46
66 47
70 48
71 49
73 50
74 51
75 52
76 53
78 54
79 55
83 56
84 57
85 58
87 59
90 60
91 61
95 62
96 63
97 64
99 65
101 66
102 67
104 68
106 69
108 70
109 71
110 72
111 73
114 74
117 75
118 76
119 77
120 78
123 79
124 80
126 81
127 82
129 83
133 84
135 85
136 86
137 87
139 88
140 89
143 90
144 91
145 92
147 93
149 94
150 95
152 96
153 97
154 98
155 99
157 100
159 101
161 102
162 103
163 104
164 105
166 106
168 107
170 108
171 109
172 110
173 111
174 112
175 113
176 114
177 115
178 116
179 117
182 118
183 119
184 120
186 121
187 122
189 123
190 124
192 125
193 126
196 127
198 128
202 129
203 130
204 131
205 132
206 133
207 134
208 135
209 136
210 137
211 138
214 139
217 140
218 141
224 142
225 143
227 144
228 145
229 146
232 147
234 148
235 149
236 150
237 151
238 152
240 153
241 154
243 155
247 156
248 157
249 158
250 159
251 160
252 161
255 162
261 163
262 164
263 165
264 166
265 167
266 168
267 169
270 170
273 171
274 172
277 173
278 174
280 175
282 176
283 177
285 178
289 179
290 180
292 181
293 182
295 183
297 184
298 185
299 186
302 187
304 188
307 189
308 190
310 191
312 192
313 193
314 194
316 195
317 196
320 197
321 198
324 199
325 200
326 201
327 202
328 203
329 204
334 205
336 206
338 207
340 208
342 209
346 210
347 211
349 212
351 213
352 214
354 215
355 216
356 217
357 218
358 219
359 220
361 221
362 222
364 223
369 224
370 225
372 226
377 227
378 228
380 229
383 230
386 231
387 232
388 233
390 234
391 235
392 236
393 237
394 238
395 239
396 240
398 241
399 242
403 243
405 244
406 245
407 246
408 247
410 248
411 249
413 250
414 251
415 252
416 253
417 254
418 255
420 256
421 257
423 258
427 259
428 260
430 261
431 262
433 263
435 264
436 265
437 266
439 267
440 268
441 269
442 270
443 271
446 272
447 273
450 274
453 275
454 276
455 277
458 278
459 279
460 280
462 281
465 282
468 283
470 284
472 285
473 286
474 287
475 288
477 289
480 290
484 291
487 292
488 293
490 294
491 295
492 296
493 297
494 298
496 299
499 300
502 301
503 302
507 303
508 304
510 305
511 306
513 307
515 308
516 309
517 310
520 311
521 312
525 313
529 314
530 315
531 316
533 317
535 318
536 319
539 320
540 321
541 322
543 323
544 324
545 325
546 326
548 327
549 328
551 329
556 330
557 331
562 332
563 333
565 334
566 335
567 336
568 337
569 338
571 339
574 340
575 341
578 342
579 343
580 344
581 345
582 346
583 347
584 348
586 349
593 350
595 351
596 352
601 353
604 354
605 355
606 356
608 357
609 358
612 359
614 360
616 361
618 362
620 363
622 364
624 365
625 366
627 367
628 368
629 369
631 370
633 371
636 372
637 373
641 374
642 375
643 376
644 377
645 378
646 379
647 380
649 381
650 382
651 383
654 384
656 385
657 386
658 387
659 388
660 389
662 390
670 391
671 392
673 393
675 394
676 395
677 396
678 397
679 398
680 399
681 400
682 401
683 402
685 403
686 404
688 405
689 406
690 407
691 408
692 409
694 410
697 411
698 412
699 413
704 414
705 415
706 416
707 417
709 418
710 419
711 420
712 421
714 422
715 423
717 424
720 425
723 426
725 427
727 428
728 429
734 430
736 431
737 432
739 433
741 434
743 435
744 436
747 437
749 438
750 439
751 440
752 441
753 442
754 443
756 444
757 445
758 446
759 447
761 448
763 449
764 450
765 451
769 452
771 453
772 454
776 455
778 456
779 457
780 458
784 459
785 460
790 461
791 462
792 463
794 464
795 465
797 466
798 467
800 468
801 469
807 470
809 471
812 472
813 473
814 474
817 475
818 476
821 477
822 478
823 479
824 480
825 481
828 482
829 483
831 484
834 485
835 486
836 487
837 488
839 489
842 490
843 491
845 492
846 493
847 494
848 495
849 496
851 497
852 498
858 499
859 500
860 501
862 502
864 503
869 504
870 505
871 506
873 507
876 508
877 509
881 510
884 511
886 512
887 513
888 514
889 515
890 516
891 517
895 518
896 519
897 520
898 521
899 522
900 523
904 524
905 525
906 526
907 527
908 528
909 529
910 530
912 531
914 532
915 533
916 534
917 535
919 536
920 537
921 538
922 539
924 540
926 541
927 542
931 543
932 544
933 545
935 546
936 547
938 548
939 549
940 550
941 551
942 552
943 553
948 554
950 555
951 556
952 557
953 558
954 559
955 560
958 561
960 562
961 563
962 564
964 565
966 566
968 567
969 568
972 569
976 570
977 571
978 572
979 573
981 574
984 575
985 576
989 577
991 578
993 579
994 580
996 581
997 582
999 583
1002 584
1003 585
1004 586
1006 587
1007 588
1008 589
1009 590
1010 591
1011 592
1012 593
1015 594
1016 595
1020 596
1021 597
1023 598
1024 599
1025 600
1026 601
1029 602
1030 603
1032 604
1036 605
1038 606
1040 607
1044 608
1049 609
1050 610
1051 611
1052 612
1054 613
1055 614
1056 615
1058 616
1060 617
1061 618
1062 619
1064 620
1070 621
1073 622
1074 623
1075 624
1076 625
1078 626
1079 627
1080 628
1081 629
1082 630
1084 631
1086 632
1088 633
1089 634
1091 635
1092 636
1093 637
1094 638
1097 639
1098 640
1100 641
1102 642
1103 643
1104 644
1108 645
1110 646
1112 647
1114 648
1118 649
1120 650
1124 651
1128 652
1130 653
1137 654
1138 655
1144 656
1147 657
1148 658
1149 659
1150 660
1151 661
1152 662
1156 663
1157 664
1160 665
1161 666
1164 667
1165 668
1170 669
1171 670
1172 671
1174 672
1176 673
1177 674
1178 675
1181 676
1182 677
1183 678
1185 679
1186 680
1187 681
1188 682
1189 683
1190 684
1191 685
1192 686
1193 687
1194 688
1195 689
1196 690
1198 691
1199 692
1202 693
1209 694
1210 695
1211 696
1212 697
1213 698
1214 699
1215 700
1217 701
1219 702
1220 703
1222 704
1223 705
1224 706
1228 707
1230 708
1231 709
1232 710
1233 711
1234 712
1235 713
1236 714
1237 715
1239 716
1242 717
1243 718
1245 719
1246 720
1247 721
1248 722
1249 723
1253 724
1254 725
1255 726
1258 727
1259 728
1261 729
1263 730
1267 731
1271 732
1273 733
1275 734
1277 735
1278 736
1279 737
1280 738
1282 739
1283 740
1284 741
1286 742
1287 743
1288 744
1294 745
1295 746
1298 747
1302 748
1304 749
1308 750
1309 751
1313 752
1316 753
1318 754
1319 755
1321 756
1322 757
1323 758
1324 759
1325 760
1327 761
1329 762
1330 763
1331 764
1334 765
1335 766
1336 767
1337 768
1339 769
1340 770
1342 771
1343 772
1346 773
1348 774
1349 775
1350 776
1351 777
1353 778
1354 779
1355 780
1356 781
1358 782
1360 783
1362 784
1363 785
1364 786
1366 787
1367 788
1372 789
1373 790
1374 791
1377 792
1380 793
1381 794
1386 795
1387 796
1389 797
1393 798
1394 799
1395 800
1396 801
1401 802
1402 803
1403 804
1404 805
1405 806
1408 807
1411 808
1416 809
1418 810
1419 811
1421 812
1422 813
1423 814
1424 815
1425 816
1426 817
1427 818
1428 819
1430 820
1431 821
1432 822
1433 823
1435 824
1437 825
1438 826
1440 827
1441 828
1442 829
1444 830
1445 831
1449 832
1450 833
1451 834
1452 835
1453 836
1454 837
1455 838
1457 839
1458 840
1461 841
1462 842
1463 843
1464 844
1465 845
1466 846
1469 847
1470 848
1472 849
1473 850
1478 851
1479 852
1480 853
1481 854
1483 855
1485 856
1486 857
1489 858
1490 859
1491 860
1492 861
1493 862
1496 863
1497 864
1498 865
1499 866
1500 867
1501 868
1503 869
1505 870
1506 871
1508 872
1509 873
1514 874
1516 875
1517 876
1519 877
1520 878
1522 879
1525 880
1527 881
1531 882
1533 883
1534 884
1535 885
1538 886
1539 887
1541 888
1543 889
1544 890
1545 891
1547 892
1549 893
1551 894
1552 895
1553 896
1557 897
1560 898
1562 899
1563 900
1567 901
1568 902
1570 903
1572 904
1573 905
1578 906
1579 907
1580 908
1581 909
1582 910
1583 911
1584 912
1585 913
1589 914
1592 915
1594 916
1595 917
1596 918
1600 919
1601 920
1604 921
1605 922
1606 923
1607 924
1615 925
1616 926
1617 927
1618 928
1621 929
1622 930
1623 931
1624 932
1625 933
1629 934
1630 935
1632 936
1633 937
1635 938
1636 939
1637 940
1639 941
1640 942
1642 943
1643 944
1647 945
1649 946
1650 947
1652 948
1653 949
1655 950
1656 951
1657 952
1658 953
1661 954
1662 955
1664 956
1666 957
1667 958
1669 959
1672 960
1674 961
1676 962
1677 963
1678 964
1679 965
1682 966
1683 967
1686 968
1688 969
1689 970
1690 971
1694 972
1697 973
1699 974
1700 975
1701 976
1702 977
1703 978
1704 979
1705 980
1706 981
1707 982
1708 983
1709 984
1710 985
1711 986
1712 987
1717 988
1718 989
1719 990
1723 991
1724 992
1726 993
1727 994
1728 995
1730 996
1734 997
1736 998
1741 999
1743 1000
1745 1001
1746 1002
1748 1003
1752 1004
1754 1005
1755 1006
1757 1007
1759 1008
1760 1009
1765 1010
1768 1011
1771 1012
1773 1013
1774 1014
1777 1015
1778 1016
1779 1017
1780 1018
1781 1019
1782 1020
1783 1021
1789 1022
1791 1023
1792 1024
1793 1025
1794 1026
1795 1027
1797 1028
1799 1029
1800 1030
1801 1031
1802 1032
1804 1033
1806 1034
1809 1035
1811 1036
1813 1037
1814 1038
1816 1039
1818 1040
1819 1041
1821 1042
1822 1043
1823 1044
1824 1045
1825 1046
1826 1047
1827 1048
1830 1049
1831 1050
1832 1051
1835 1052
1838 1053
1840 1054
1842 1055
1844 1056
1845 1057
1846 1058
1848 1059
1850 1060
1851 1061
1852 1062
1853 1063
1854 1064
1855 1065
1856 1066
1858 1067
1859 1068
1860 1069
1861 1070
1862 1071
1865 1072
1869 1073
1871 1074
1874 1075
1875 1076
1877 1077
1879 1078
1880 1079
1881 1080
1882 1081
1883 1082
1885 1083
1887 1084
1889 1085
1890 1086
1892 1087
1894 1088
1895 1089
1896 1090
1898 1091
1899 1092
1900 1093
1904 1094
1907 1095
1908 1096
1909 1097
1910 1098
1911 1099
1912 1100
1914 1101
1917 1102
1919 1103
1920 1104
1922 1105
1924 1106
1925 1107
1926 1108
1928 1109
1929 1110
1930 1111
1931 1112
1934 1113
1935 1114
1938 1115
1941 1116
1942 1117
1944 1118
1946 1119
1947 1120
1948 1121
1950 1122
1951 1123
1952 1124
1954 1125
1955 1126
1957 1127
1958 1128
1962 1129
1963 1130
1964 1131
1965 1132
1968 1133
1969 1134
1971 1135
1972 1136
1973 1137
1974 1138
1975 1139
1976 1140
1977 1141
1978 1142
1981 1143
1982 1144
1984 1145
1987 1146
1989 1147
1990 1148
1992 1149
1993 1150
1994 1151
1995 1152
1996 1153
1998 1154
1999 1155
2000 1156
2003 1157
2007 1158
2009 1159
2010 1160
2013 1161
2014 1162
2016 1163
2017 1164
2018 1165
2019 1166
2020 1167
2021 1168
2022 1169
2024 1170
2025 1171
2027 1172
2029 1173
2030 1174
2031 1175
2032 1176
2036 1177
2038 1178
2039 1179
2042 1180
2043 1181
2046 1182
2047 1183
2048 1184
2053 1185
2054 1186
2055 1187
2058 1188
2060 1189
2061 1190
2062 1191
2066 1192
2067 1193
2068 1194
2069 1195
2070 1196
2071 1197
2076 1198
2077 1199
2079 1200
2081 1201
2087 1202
2088 1203
2090 1204
2091 1205
2092 1206
2093 1207
2094 1208
2095 1209
2096 1210
2099 1211
2100 1212
